1000
0100
0010
1000
0001
0100
0001
0000
0010
0010
1000
0100
0001
0010
0100
1000
0010
0100
0000
0010
1000
0100
0000
0001
0010
1000
0100
0010
0000
0000
0000
0110
0000
1001
0000
1010
0101
1000
0001
0010
0100
1000
0000
0001
0010
1000
0010
0001
0100
1000
0010
0000
0110
1000
0001
0100
0010
1001
0000
0100
0010
1000
0001
0100
1001
0101
0000
1000
0000
0010
0100
0000
0001
0010
1000
0100
0010
0100
1000
0001
0000
1010
0000
0101
0000
1001
0000
1000
1000
0100
0010
0010
0001
0100
0100
0000
0000
1000
0010
0100
1000
0001
0010
1000
0000
1010
0101
0000
0000
0000
0000
0000
0000
0200
2000
0200
0020
0002
0020
0200
0020
0200
2000
0020
0002
0200
2000
0200
0200
0002
0020
0200
2000
0200
2000
0020
0002
0200
0020
2000
0200
2000
0020
0002
0020
1000
0000
0010
0100
0000
0001
0010
1000
0100
0010
0100
1000
0001
0000
1010
0100
0001
0010
1000
1000
1010
0100
0110
0001
0101
0000
1000
0001
0010
0020
2000
0200
2000
0020
0002
0020
0200
0020
0020
0002
0200
0020
0200
0020
0002
0020
0002
0002
0020
2000
